# Created by Octave 5.1.0, Tue May 21 16:15:32 2019 GMT <unknown@IKUCHIN-6U7ZR>
# name: X
# type: matrix
# rows: 5
# columns: 2
 1 1
 1 2
 1 3
 1 4
 1 5


# name: Y
# type: matrix
# rows: 3
# columns: 1
 1
 2
 3


# name: thetha
# type: matrix
# rows: 2
# columns: 1
 1000
 8736834


